1392778740552196099
1392786311140892675
1392788734240706560
1392789611781529603
1392790261655240706
1392792080754176000
1392796076768325634
1392796383652966411
1392823710415876101
1392824203565355012
1392824215267536899
1392824402295758849
1392824408335601668
1392824806114947077
1392825034914234374
1392825184533450754
1392825300354932739
1392825679171919879
1392827312668770314
1392827410802900998
1392827509817835521
1392828080394100737
1392828236543926274
1392828333382012931
1392828449430007810
1392828536394633218
1392828577612124161
1392828662672728073
1392828743811432455
1392828831711449088
1392828919812739079
1392829626297176068
1392829625043013637
1392829619846344706
1392827016093724673
1393095686749528067
1393096674797441024
1393096869882912769
1393097385094483971
1393559898579881984
1393898671306002439
1394208006485680129
1394208590244679684
1395010391810330628
1395014182446174211
1395368578770030597
1395733845660504070
1395735595570237441
1395738939344908293
1395739345861058560
1395739762024083457
1395741025092587522
